((("toExec" .
   [0 0 0 0 0 1])
  ("to" .
   [2 0])
  ("include" .
   [0 0 0 0 0 0 1])
  ("style" .
   [0 0 0 1 0])
  ("nav" .
   [1 0 0])
  ("head" .
   [1 0 0 0])
  ("navzone" .
   [4 0 0 0 1 0 0])
  ("ul" .
   [3 0])
  ("h3" .
   [3 0])
  ("fixed" .
   [0 0 0 0 1])
  ("margin" .
   [0 1 0 0 0 0])
  ("5px" .
   [1 0 0])
  ("text-align" .
   [0 0 0 0 0 0 0 1 0 0])
  ("h2" .
   [1 0])
  ("font-family" .
   [0 0 0 0 0 1 0 0 0 0 0])
  ("italic" .
   [0 0 0 0 2 1])
  ("font-style" .
   [0 0 0 0 0 0 0 0 0 1])
  ("text-decoration" .
   [0 1 0 0 0 0 0 0 0 0 0 0 0 0 0])
  ("parallax" .
   [1 0 0 0 0 0 0 0])
  ("100%" .
   [3 0 0 0])
  ("absolute" .
   [1 0 0 0 0 0 0 1])
  ("100px" .
   [1 0 0 0 0])
  ("vertical-align" .
   [0 0 0 0 0 0 0 0 0 0 0 1 0 0])
  ("middle" .
   [0 0 0 0 0 1])
  ("50%" .
   [1 0 0])
  ("padding-right" .
   [1 0 0 0 0 0 0 0 0 0 0 0 0])
  ("FFF" .
   [1 0 0])
  ("stylesheet" .
   [0 0 0 0 0 0 0 0 0 1])
  ("url" .
   [1 0 0])))
